100759759
100034764
100068321
100167859
100716237
100074390
100997496
101253891
101051873
100830349
100202375
100389537
100103475
100848374
100018361
100625068
100537613
100549287
100787681
100729018
100472749
100284474
101242531
101182528
100115791
100723055
100069133
100553277
100209833
100794539
100850936
100132555
101096882
100414382
100216202
100731273
101278486
100779621
100727427
101302214
101133442
100842776
100471605
101703341
100184916
100331782
100649339
100828755
100857457
100934300
100450986
101330727
100021927
100405323
101375891
100082465
101293414
100695550
100424712
100201387
100098217
101033866
100650203
100673301
101345676
100804972
100372533
100083956
101074259
100545082
101598402
101012860
101404812
100300379
100621309
101229933
100440131
100560436
100550652
100725682
100630930
100872328
100551332
101322933
100204132
100484200
100597264
100329726
100714760
100764725
100454371
101010217
101780987
101499787
100840985
100718021
100471040
100410597
101274072
100807061
100610824
101050645
101738221
100599055
100314241
100723476
100514883
100812859
100011381
100337677
100250555
100545481
100981868
100438890
100012472
100473501
100632957
101261027
100193406
100104278
100273836
101080826
100976218
100611903
101023200
100821516
101851555
100554791
100004053
100234071
100436868
100423854
100376977
100075491
101079194
100429960
100774329
100803289
101066017
100672636
100549451
100437410
100607245
100948856
101148845
100544263
101241566
101062885
101183885
101271969
100478139
100547388
101224799
100570195
100016159
101022365
100551107
100800097
101033828
100573738
100603505
100673109
100863376
100829186
100366990
101082451
100603099
100514840
100576979
101009906
100489711
102025037
100201972
101006341
101538149
100289938
100549106
100549335
100489613
100552474
100309538
101228739
101311386
100088782
101166491
101379271
100722683
100951679
100351167
101747000
100301539
100113314
100461136
100547836
100537255
101293690
100023693
101883846
100797680
100371436
100620271
100536393
100580447
101329555
100928422
100674597
101106569
101180992
101008478
101946777
101129857
101227960
101257882
100634508
100883246
100521585
102049792
101093141
101787037
100828937
100737076
100584615
100348875
101819965
101708459
100678189
101551178
100798924
100559906
100815204
101089338
100043185
100534680
101824400
101200000
101261249
100806131
101925094
101274352
101774551
100422952
100362621
101661036
100862663
100332057
101160125
101269433
100978157
100785022
101222379
101126227
100810181
101046925
101094780
100875703
101182120
101207473
101088536
100391812
100550843
101104831
101994727
100837345
100728236
101231948
100757518
100821339
101782305
101903702
101367264
100630178
101281518
101367892
100978983
100211592
101737224
100836346
100585583
100629074
100108617
100435705
100991451
100550633
100551840
100802635
100381851
100315767
101437414
101320110
101064406
100139977
100503547
100354676
101564033
101555848
100826593
101263116
100975974
100850701
101138774
101823463
100681066
101271799
100569381
101399239
100731605
102088816
100829786
100450896
100975178
100906867
101772783
101091363
100013997
100174308
101098895
102003469
101523108
101161451
100964498
101074325
100439468
101356847
101047161
100473093
101071136
101087638
101530686
101320196
100857233
101647731
100003701
101746155
101069678
101985584
101526238
101749548
101189890
100623124
100426029
100667800
100843805
100664124
101544150
100563749
101006374
100254259
101138980
101260866
101062617
101054095
100884814
101242073
100869586
101184755
101080068
101428220
100548841
100836671
101823747
101087869
100110160
100426772
100866172
101872931
100808215
100707856
100418576
101094633
100523902
100838288
100723487
100546424
101100972
100552338
102147038
100283081
100550059
101864546
100898333
101208389
101539414
100591741
101770874
101261829
100628478
101823758
101352451
101311138
102098712
100751445
100630422
101553729
101224854
100959474
101986086
101961082
100322049
101520254
100828620
100559536
101385648
101027630
100776101
101977351
101318711
100390067
101111502
100873841
102105640
100664344
101713884
100430063
101033878
100534127
101737888
100723367
101326243
101921672
100595444
100222099
102096399
100850405
101322856
101181374
101328289
100315094
100473409
100825295
102017848
100011437
101102831
100723034
101341919
101950346
101116579
101527146
101085584
102040632
100790716
101620674
100552027
100748645
100769558
101187980
100957706
102039338
100940590
101018835
101333626
101199786
101344164
101558770
101676162
101197808
101847702
100558548
100570740
100453042
101433350
101956122
100048467
101523469
101860632
101169242
100864156
101064716
101184894
100392076
100512524
101173463
100573845
101353196
101248544
101529013
101696386
101905666
101096147
100427882
101889927
101246919
100597545
100932623
100426293
101320094
100503755
100481380
101224634
100631066
101198315
100566871
101056889
100202125
100745351
100606495
101959699
101646504
101204492
101506286
100451219
101957126
101183559
101202697
101367105
100210952
100817928
100227574
101769918
100590993
100643942
101096521
100511727
101136818
101115213
100789690
101291630
101028310
100512135
102060015
101889856
101018292
101197006
101136876
100826607
100258814
101252755
101676076
101258796
101007765
100588275
100392828
100543224
100799564
101306248
101218780
100485303
101561903
100755266
100404851
100644428
100009788
100399186
101851010
101215496
100925161
101351304
102176922
100684825
101853652
100838218
101701330
101720094
100832157
100016728
101239362
101360073
101752869
100981667
101043605
100550136
100514458
102216856
101801388
101204512
100934339
101931189
100197805
100010571
101049142
100573991
100328111
100870912
100126906
100025249
101890394
101124748
101984316
101390014
100687535
100818473
101873342
101184433
100616389
101096022
101830996
101761132
101239882
100453575
101708000
101646877
100552603
101026388
102191974
101195145
101720050
100949673
100727371
100142066
101243724
101854110
101916972
100793504
100168076
101011275
101940828
101712978
100730064
101810484
100003393
101259931
100776928
100574461
101288406
100908608
100954409
100697175
101182779
100773027
101885606
101938134
101189810
101738326
100552216
101780404
101315757
101767553
100953360
100177846
100837141
101350003
101136702
101522829
100539960
100759381
100817308
100884654
101352178
100755768
100039336
100833304
100510504
100680428
101118286
101327214
100589592
101560289
101396064
100889615
100814155
100559441