100008622
100028732
100028903
100033478
100034504
100036805
100038490
100068223
100074750
100095446
100095981
100183717
100195230
100198260
100207851
100220131
100225305
100249529
100251741
100264817
100267140
100274628
100299565
100328193
100332982
100341649
100373130
100374350
100376154
100383965
100402888
100403188
100403225
100403325
100405393
100406920
100410259
100410925
100420394
100428806
100431184
100444743
100448085
100473841
100474016
100475061
100490375
100510225
100518115
100518414
100540706
100541677
100541720
100551971
100552225
100555078
100558613
100559026
100560010
100560481
100562995
100567328
100568079
100578017
100586999
100589887
100592380
100594332
100595046
100597171
100603238
100629974
100632914
100635322
100637601
100647774
100650167
100655478
100656288
100659716
100660672
100664355
100667768
100669642
100673250
100675903
100678525
100679055
100684325
100687709
100700212
100704873
100709072
100714993
100718365
100718412
100720469
100723998
100734200
100737550
100739058
100739319
100745318
100752115
100754863
100755202
100757998
100767805
100784176
100786036
100791382
100792103
100794335
100803458
100805095
100808109
100814924
100816632
100828028
100831818
100833631
100836883
100839494
100843528
100843787
100878253
100879742
100891285
100891682
100909227
100930016
100936437
100962319
100975402
100981349
100982001
100983147
100984270
100988090
100988963
100991599
100996946
100997334
100999961
101002637
101004219
101006355
101008424
101012654
101017178
101017290
101023013
101028669
101038095
101042057
101051341
101051486
101055958
101059429
101077574
101079995
101091951
101094520
101099695
101100385
101103640
101105606
101118138
101119152
101119662
101123780
101127653
101131900
101134361
101137127
101144388
101145229
101146624
101149546
101149596
101151719
101156894
101160450
101160582
101165680
101177364
101179423
101187676
101196141
101205235
101208243
101214104
101215288
101216856
101218049
101219152
101220110
101222574
101223657
101235247
101239162
101240593
101243223
101249088
101251325
101258294
101265556
101269917
101270712
101273148
101284993
101286741
101296531
101297031
101307659
101312570
101316115
101325846
101327644
101329808
101329818
101332249
101340165
101340765
101341086
101341842
101344937
101354181
101354376
101360627
101361286
101364129
101366518
101379969
101381321
101385941
101386115
101389741
101392215
101393465
101394715
101395009
101400255
101403188
101404359
101527552
101539526
101549376
101573843
101574956
101586968
101621246
101621350
101622313
101626946
101659619
101664357
101681259
101682356
101683913
101689238
101692008
101710360
101711531
101712525
101717698
101724049
101725817
101746870
101748859
101757910
101765795
101782073
101788863
101795454
101798869
101808838
101810405
101822804
101823851
101823890
101830628
101832782
101834337
101842012
101848102
101850138
101850525
101856004
101865480
101874265
101874286
101877264
101882550
101886244
101897673
101898357
101898700
101898843
101900571
101905997
101909161
101912152
101914678
101924713
101927557
101928133
101930655
101930844
101950563
101951493
101953053
101954204
101966091
101969856
101970248
101971096
101976195
101980371
101981973
101983392
101984045
101985995
102002743
102004038
102006777
102007196
102008107
102020116
102028258
102029959
102034212
102035981
102056356
102061020
102061110
102074350
102108986
102110697
102111549
102117126
102128115
102149310
102150177
102176382
102186137
102193485
102207720
102217162
