100004053
100008622
100011381
100012472
100016159
100018361
100023693
100028732
100028903
100033478
100034504
100036805
100038490
100043185
100068223
100068321
100074750
100075491
100088782
100095446
100095981
100104278
100113314
100167859
100183717
100193406
100195230
100198260
100201972
100207851
100209833
100220131
100225305
100234071
100249529
100250555
100251741
100264817
100267140
100273836
100274628
100289938
100299565
100301539
100309538
100328193
100332057
100332982
100337677
100341649
100348875
100351167
100362621
100366990
100371436
100373130
100374350
100376154
100376977
100383965
100389537
100402888
100403188
100403225
100403325
100405393
100406920
100410259
100410925
100420394
100422952
100423854
100428806
100429960
100431184
100436868
100437410
100438890
100440131
100444743
100448085
100461136
100472749
100473501
100473841
100474016
100475061
100478139
100489613
100489711
100490375
100510225
100510504
100514840
100518115
100518414
100521585
100534680
100536393
100537255
100540706
100541677
100541720
100544263
100545481
100547388
100547836
100549106
100549335
100549451
100551107
100551840
100551971
100552225
100552474
100554791
100555078
100558613
100559026
100559441
100559906
100560010
100560481
100562995
100567328
100568079
100570195
100573738
100576979
100578017
100580447
100584615
100586999
100589592
100589887
100592380
100594332
100595046
100597171
100603099
100603238
100603505
100607245
100611903
100620271
100629974
100632914
100632957
100634508
100635322
100637601
100647774
100650167
100650203
100655478
100656288
100659716
100660672
100664355
100667768
100669642
100672636
100673109
100673250
100674597
100675903
100678189
100678525
100679055
100680428
100684325
100687709
100700212
100704873
100709072
100714993
100718365
100718412
100720469
100722683
100723998
100734200
100737076
100737550
100739058
100739319
100745318
100750661
100752115
100754863
100755202
100757998
100764725
100767805
100774329
100784176
100785022
100786036
100791382
100792103
100794335
100797680
100798924
100800097
100802635
100803289
100803458
100805095
100806131
100808109
100810181
100812859
100814155
100814924
100815204
100816632
100821516
100828028
100828937
100829186
100831818
100833631
100836883
100839494
100843528
100843787
100862663
100863376
100875703
100878253
100879742
100883246
100889615
100891285
100891682
100906867
100908608
100909227
100928422
100930016
100936437
100948856
100951679
100962319
100975402
100976218
100978157
100981349
100981667
100981868
100982001
100983147
100984270
100988090
100988963
100991599
100996946
100997334
100999961
101002637
101004219
101006341
101006355
101008424
101008478
101009906
101012654
101017178
101017290
101022365
101023013
101023200
101028669
101033828
101033866
101038095
101042057
101046925
101051341
101051486
101055958
101059429
101062885
101066017
101077574
101079194
101079995
101080826
101082451
101089338
101091951
101093141
101094520
101094780
101099695
101100385
101103640
101105606
101106569
101118138
101118286
101119152
101119662
101123780
101126227
101127653
101129857
101131900
101134361
101137127
101144388
101145229
101146624
101148845
101149546
101149596
101151719
101156894
101160125
101160450
101160582
101165680
101166491
101177364
101180992
101183885
101187676
101196141
101200000
101205235
101208243
101214104
101215288
101216856
101218049
101219152
101220110
101222379
101222574
101223657
101224799
101227960
101228739
101235247
101239162
101239882
101240593
101241566
101243223
101249088
101251325
101257882
101258294
101261027
101261249
101265556
101269433
101269917
101270712
101271969
101273148
101274352
101284993
101286741
101293690
101296531
101297031
101307659
101311386
101312570
101316115
101325846
101327214
101327644
101329555
101329808
101329818
101332249
101340165
101340765
101341086
101341842
101344937
101354181
101354376
101360627
101361286
101364129
101366518
101379271
101379969
101381321
101385941
101386115
101389741
101392215
101393465
101394715
101395009
101396064
101400255
101403188
101404359
101527552
101538149
101539526
101549376
101551178
101560289
101573843
101574956
101586968
101621246
101621350
101622313
101626946
101659619
101661036
101664357
101676162
101681259
101682356
101683913
101689238
101692008
101708459
101710360
101711531
101712525
101717698
101724049
101725817
101746870
101747000
101748859
101757910
101765795
101769918
101774551
101782073
101787037
101788863
101795454
101798869
101808838
101810405
101819965
101822804
101823851
101823890
101824400
101830628
101832782
101834337
101842012
101848102
101850138
101850525
101851555
101856004
101865480
101874265
101874286
101877264
101882550
101883846
101886244
101897673
101898357
101898700
101898843
101900571
101905997
101909161
101912152
101914678
101924713
101925094
101927557
101928133
101930655
101930844
101946777
101950563
101951493
101953053
101954204
101966091
101969856
101970248
101971096
101976195
101980371
101981973
101983392
101984045
101985995
102002743
102004038
102006777
102007196
102008107
102020116
102025037
102028258
102029959
102034212
102035981
102049792
102056356
102061020
102061110
102074350
102108986
102110697
102111549
102117126
102128115
102149310
102150177
102176382
102186137
102193485
102207720
102217162
